Time	Angle	Accel	Speed	X    	Y    
0	1.055	0.000	0.000	0.000	0.653
1	1.055	6.096	0.000	0.000	0.653
2	1.055	6.096	0.006	0.000	0.653
3	1.055	6.096	0.012	0.000	0.653
4	1.055	6.096	0.018	0.000	0.653
5	1.055	6.096	0.024	0.000	0.653
6	1.055	6.096	0.030	0.000	0.653
7	1.055	6.096	0.037	0.000	0.653
8	1.055	6.096	0.043	0.000	0.653
9	1.055	6.096	0.049	0.000	0.653
10	1.055	6.095	0.055	0.000	0.653
11	1.055	6.095	0.061	0.000	0.653
12	1.055	6.095	0.067	0.000	0.653
13	1.054	6.094	0.073	0.000	0.653
14	1.054	6.094	0.079	0.000	0.653
15	1.054	6.093	0.085	0.000	0.653
16	1.054	6.093	0.091	0.000	0.653
17	1.054	6.092	0.098	0.000	0.653
18	1.054	6.092	0.104	0.000	0.653
19	1.053	6.091	0.110	0.000	0.652
20	1.053	6.090	0.116	0.001	0.652
21	1.053	6.090	0.122	0.001	0.652
22	1.053	6.089	0.128	0.001	0.652
23	1.053	6.088	0.134	0.001	0.652
24	1.052	6.087	0.140	0.001	0.652
25	1.052	6.086	0.146	0.001	0.652
26	1.052	6.085	0.152	0.001	0.652
27	1.051	6.084	0.158	0.001	0.652
28	1.051	6.083	0.164	0.001	0.651
29	1.051	6.082	0.171	0.001	0.651
30	1.050	6.081	0.177	0.001	0.651
31	1.050	6.080	0.183	0.001	0.651
32	1.050	6.078	0.189	0.001	0.651
33	1.049	6.077	0.195	0.001	0.651
34	1.049	6.076	0.201	0.002	0.650
35	1.049	6.074	0.207	0.002	0.650
36	1.048	6.073	0.213	0.002	0.650
37	1.048	6.072	0.219	0.002	0.650
38	1.047	6.070	0.225	0.002	0.650
39	1.047	6.069	0.231	0.002	0.650
40	1.046	6.067	0.237	0.002	0.649
41	1.046	6.065	0.243	0.002	0.649
42	1.045	6.064	0.250	0.002	0.649
43	1.045	6.062	0.256	0.003	0.649
44	1.044	6.060	0.262	0.003	0.648
45	1.044	6.058	0.268	0.003	0.648
46	1.043	6.056	0.274	0.003	0.648
47	1.043	6.054	0.280	0.003	0.648
48	1.042	6.052	0.286	0.003	0.648
49	1.041	6.050	0.292	0.003	0.647
50	1.041	6.048	0.298	0.004	0.647
51	1.040	6.046	0.304	0.004	0.647
52	1.040	6.044	0.310	0.004	0.647
53	1.039	6.042	0.316	0.004	0.646
54	1.038	6.039	0.322	0.004	0.646
55	1.038	6.037	0.328	0.004	0.646
56	1.037	6.035	0.334	0.005	0.645
57	1.036	6.032	0.340	0.005	0.645
58	1.036	6.030	0.346	0.005	0.645
59	1.035	6.027	0.352	0.005	0.645
60	1.034	6.025	0.358	0.005	0.644
61	1.033	6.022	0.364	0.005	0.644
62	1.033	6.019	0.370	0.006	0.644
63	1.032	6.017	0.376	0.006	0.643
64	1.031	6.014	0.382	0.006	0.643
65	1.030	6.011	0.388	0.006	0.643
66	1.029	6.008	0.394	0.006	0.642
67	1.029	6.005	0.400	0.007	0.642
68	1.028	6.002	0.407	0.007	0.642
69	1.027	5.999	0.413	0.007	0.641
70	1.026	5.996	0.419	0.007	0.641
71	1.025	5.993	0.425	0.007	0.641
72	1.024	5.990	0.430	0.008	0.640
73	1.023	5.987	0.436	0.008	0.640
74	1.023	5.983	0.442	0.008	0.639
75	1.022	5.980	0.448	0.008	0.639
76	1.021	5.977	0.454	0.009	0.639
77	1.020	5.973	0.460	0.009	0.638
78	1.019	5.970	0.466	0.009	0.638
79	1.018	5.966	0.472	0.009	0.638
80	1.017	5.963	0.478	0.010	0.637
81	1.016	5.959	0.484	0.010	0.637
82	1.015	5.955	0.490	0.010	0.636
83	1.014	5.951	0.496	0.010	0.636
84	1.013	5.948	0.502	0.011	0.635
85	1.012	5.944	0.508	0.011	0.635
86	1.011	5.940	0.514	0.011	0.635
87	1.009	5.936	0.520	0.011	0.634
88	1.008	5.932	0.526	0.012	0.634
89	1.007	5.928	0.532	0.012	0.633
90	1.006	5.924	0.538	0.012	0.633
91	1.005	5.920	0.544	0.012	0.632
92	1.004	5.915	0.550	0.013	0.632
93	1.003	5.911	0.556	0.013	0.631
94	1.002	5.907	0.561	0.013	0.631
95	1.001	5.903	0.567	0.014	0.631
96	0.999	5.898	0.573	0.014	0.630
97	0.998	5.894	0.579	0.014	0.630
98	0.997	5.889	0.585	0.015	0.629
99	0.996	5.885	0.591	0.015	0.629
100	0.995	5.880	0.597	0.015	0.628
101	0.993	5.876	0.603	0.016	0.628
102	0.992	5.871	0.609	0.016	0.627
103	0.991	5.866	0.614	0.016	0.627
104	0.990	5.862	0.620	0.017	0.626
105	0.988	5.857	0.626	0.017	0.626
106	0.987	5.852	0.632	0.017	0.625
107	0.986	5.847	0.638	0.018	0.625
108	0.985	5.843	0.644	0.018	0.624
109	0.983	5.838	0.650	0.018	0.623
110	0.982	5.833	0.655	0.019	0.623
111	0.981	5.828	0.661	0.019	0.622
112	0.980	5.823	0.667	0.019	0.622
113	0.978	5.818	0.673	0.020	0.621
114	0.977	5.813	0.679	0.020	0.621
115	0.976	5.808	0.685	0.021	0.620
116	0.975	5.803	0.690	0.021	0.620
117	0.973	5.798	0.696	0.021	0.619
118	0.972	5.793	0.702	0.022	0.618
119	0.971	5.788	0.708	0.022	0.618
120	0.969	5.783	0.714	0.022	0.617
121	0.968	5.778	0.719	0.023	0.617
122	0.967	5.772	0.725	0.023	0.616
123	0.966	5.767	0.731	0.024	0.615
124	0.964	5.762	0.737	0.024	0.615
125	0.963	5.757	0.742	0.025	0.614
126	0.962	5.752	0.748	0.025	0.614
127	0.960	5.747	0.754	0.025	0.613
128	0.959	5.742	0.760	0.026	0.612
129	0.958	5.737	0.765	0.026	0.612
130	0.957	5.732	0.771	0.027	0.611
131	0.955	5.727	0.777	0.027	0.611
132	0.954	5.721	0.783	0.028	0.610
133	0.953	5.716	0.788	0.028	0.609
134	0.952	5.711	0.794	0.029	0.609
135	0.950	5.706	0.800	0.029	0.608
136	0.949	5.702	0.805	0.029	0.607
137	0.948	5.697	0.811	0.030	0.607
138	0.947	5.692	0.817	0.030	0.606
139	0.946	5.687	0.823	0.031	0.605
140	0.945	5.682	0.828	0.031	0.605
141	0.943	5.677	0.834	0.032	0.604
142	0.942	5.673	0.840	0.032	0.603
143	0.941	5.668	0.845	0.033	0.603
144	0.940	5.663	0.851	0.033	0.602
145	0.939	5.659	0.857	0.034	0.601
146	0.938	5.654	0.862	0.034	0.601
147	0.937	5.650	0.868	0.035	0.600
148	0.936	5.646	0.874	0.035	0.599
149	0.935	5.641	0.879	0.036	0.599
150	0.934	5.637	0.885	0.036	0.598
151	0.933	5.633	0.890	0.037	0.597
152	0.932	5.629	0.896	0.037	0.596
153	0.931	5.625	0.902	0.038	0.596
154	0.930	5.621	0.907	0.039	0.595
155	0.929	5.617	0.913	0.039	0.594
156	0.928	5.613	0.919	0.040	0.593
157	0.927	5.610	0.924	0.040	0.593
158	0.927	5.606	0.930	0.041	0.592
159	0.926	5.603	0.935	0.041	0.591
160	0.925	5.600	0.941	0.042	0.591
161	0.924	5.596	0.947	0.042	0.590
162	0.924	5.593	0.952	0.043	0.589
163	0.923	5.590	0.958	0.044	0.588
164	0.922	5.587	0.963	0.044	0.587
165	0.922	5.584	0.969	0.045	0.587
166	0.921	5.582	0.975	0.045	0.586
167	0.920	5.579	0.980	0.046	0.585
168	0.920	5.577	0.986	0.046	0.584
169	0.919	5.574	0.991	0.047	0.584
170	0.919	5.572	0.997	0.048	0.583
171	0.918	5.570	1.002	0.048	0.582
172	0.918	5.568	1.008	0.049	0.581
173	0.918	5.566	1.014	0.049	0.580
174	0.917	5.565	1.019	0.050	0.580
175	0.917	5.563	1.025	0.051	0.579
176	0.917	5.562	1.030	0.051	0.578
177	0.916	5.560	1.036	0.052	0.577
178	0.916	5.559	1.041	0.053	0.576
179	0.916	5.558	1.047	0.053	0.576
180	0.916	5.557	1.053	0.054	0.575
181	0.915	5.556	1.058	0.055	0.574
182	0.915	5.556	1.064	0.055	0.573
183	0.915	5.555	1.069	0.056	0.572
184	0.915	5.555	1.075	0.056	0.571
185	0.915	5.554	1.080	0.057	0.570
186	0.915	5.554	1.086	0.058	0.570
187	0.915	5.554	1.091	0.058	0.569
188	0.915	5.554	1.097	0.059	0.568
189	0.915	5.554	1.103	0.060	0.567
190	0.915	5.554	1.108	0.060	0.566
191	0.915	5.555	1.114	0.061	0.565
192	0.916	5.555	1.119	0.062	0.564
193	0.916	5.556	1.125	0.062	0.564
194	0.916	5.557	1.130	0.063	0.563
195	0.916	5.557	1.136	0.064	0.562
196	0.916	5.558	1.141	0.065	0.561
197	0.917	5.559	1.147	0.065	0.560
198	0.917	5.561	1.153	0.066	0.559
199	0.917	5.562	1.158	0.067	0.558
200	0.918	5.563	1.164	0.067	0.557
201	0.918	5.565	1.169	0.068	0.556
202	0.918	5.566	1.175	0.069	0.555
203	0.919	5.568	1.180	0.069	0.554
204	0.919	5.569	1.186	0.070	0.553
205	0.920	5.571	1.191	0.071	0.553
206	0.920	5.573	1.197	0.072	0.552
207	0.921	5.575	1.203	0.072	0.551
208	0.921	5.577	1.208	0.073	0.550
209	0.922	5.579	1.214	0.074	0.549
210	0.922	5.581	1.219	0.075	0.548
211	0.923	5.583	1.225	0.075	0.547
212	0.923	5.586	1.231	0.076	0.546
213	0.924	5.588	1.236	0.077	0.545
214	0.924	5.590	1.242	0.078	0.544
215	0.925	5.593	1.247	0.078	0.543
216	0.925	5.595	1.253	0.079	0.542
217	0.926	5.598	1.258	0.080	0.541
218	0.927	5.600	1.264	0.081	0.540
219	0.927	5.603	1.270	0.081	0.539
220	0.928	5.606	1.275	0.082	0.538
221	0.929	5.608	1.281	0.083	0.537
222	0.929	5.611	1.286	0.084	0.536
223	0.930	5.613	1.292	0.084	0.535
224	0.930	5.616	1.298	0.085	0.534
225	0.931	5.619	1.303	0.086	0.533
226	0.932	5.622	1.309	0.087	0.532
227	0.932	5.624	1.315	0.087	0.531
228	0.933	5.627	1.320	0.088	0.529
229	0.934	5.630	1.326	0.089	0.528
230	0.934	5.632	1.331	0.090	0.527
231	0.935	5.635	1.337	0.091	0.526
232	0.936	5.638	1.343	0.091	0.525
233	0.936	5.641	1.348	0.092	0.524
234	0.937	5.643	1.354	0.093	0.523
235	0.938	5.646	1.360	0.094	0.522
236	0.938	5.649	1.365	0.095	0.521
237	0.939	5.651	1.371	0.095	0.520
238	0.939	5.654	1.377	0.096	0.519
239	0.940	5.656	1.382	0.097	0.518
240	0.941	5.659	1.388	0.098	0.516
241	0.941	5.661	1.394	0.099	0.515
242	0.942	5.664	1.399	0.099	0.514
243	0.942	5.666	1.405	0.100	0.513
244	0.943	5.669	1.411	0.101	0.512
245	0.944	5.671	1.416	0.102	0.511
246	0.944	5.673	1.422	0.103	0.510
247	0.945	5.675	1.428	0.104	0.508
248	0.945	5.678	1.433	0.104	0.507
249	0.946	5.680	1.439	0.105	0.506
250	0.946	5.682	1.445	0.106	0.505
251	0.947	5.684	1.450	0.107	0.504
252	0.947	5.686	1.456	0.108	0.503
253	0.948	5.688	1.462	0.109	0.501
254	0.948	5.690	1.467	0.110	0.500
255	0.948	5.691	1.473	0.110	0.499
256	0.949	5.693	1.479	0.111	0.498
257	0.949	5.695	1.484	0.112	0.497
258	0.949	5.696	1.490	0.113	0.495
259	0.950	5.698	1.496	0.114	0.494
260	0.950	5.699	1.501	0.115	0.493
261	0.950	5.700	1.507	0.116	0.492
262	0.951	5.702	1.513	0.116	0.491
263	0.951	5.703	1.519	0.117	0.489
264	0.951	5.704	1.524	0.118	0.488
265	0.951	5.705	1.530	0.119	0.487
266	0.952	5.706	1.536	0.120	0.486
267	0.952	5.707	1.541	0.121	0.484
268	0.952	5.707	1.547	0.122	0.483
269	0.952	5.708	1.553	0.123	0.482
270	0.952	5.709	1.559	0.124	0.481
271	0.952	5.709	1.564	0.124	0.479
272	0.952	5.709	1.570	0.125	0.478
273	0.953	5.710	1.576	0.126	0.477
274	0.953	5.710	1.581	0.127	0.475
275	0.953	5.710	1.587	0.128	0.474
276	0.953	5.710	1.593	0.129	0.473
277	0.952	5.710	1.598	0.130	0.472
278	0.952	5.710	1.604	0.131	0.470
279	0.952	5.710	1.610	0.132	0.469
280	0.952	5.709	1.616	0.133	0.468
281	0.952	5.709	1.621	0.134	0.466
282	0.952	5.708	1.627	0.135	0.465
283	0.952	5.707	1.633	0.136	0.464
284	0.951	5.707	1.638	0.137	0.462
285	0.951	5.706	1.644	0.137	0.461
286	0.951	5.705	1.650	0.138	0.460
287	0.951	5.704	1.656	0.139	0.458
288	0.950	5.702	1.661	0.140	0.457
289	0.950	5.701	1.667	0.141	0.456
290	0.950	5.700	1.673	0.142	0.454
291	0.949	5.698	1.678	0.143	0.453
292	0.949	5.696	1.684	0.144	0.452
293	0.948	5.695	1.690	0.145	0.450
294	0.948	5.693	1.695	0.146	0.449
295	0.947	5.691	1.701	0.147	0.447
296	0.947	5.689	1.707	0.148	0.446
297	0.946	5.686	1.713	0.149	0.445
298	0.946	5.684	1.718	0.150	0.443
299	0.945	5.682	1.724	0.151	0.442
300	0.944	5.679	1.730	0.152	0.441
301	0.944	5.676	1.735	0.153	0.439
302	0.943	5.674	1.741	0.154	0.438
303	0.942	5.671	1.747	0.155	0.436
304	0.941	5.668	1.752	0.156	0.435
305	0.941	5.665	1.758	0.157	0.434
306	0.940	5.661	1.764	0.158	0.432
307	0.939	5.658	1.769	0.159	0.431
308	0.938	5.655	1.775	0.160	0.429
309	0.937	5.651	1.781	0.162	0.428
310	0.936	5.647	1.786	0.163	0.426
311	0.935	5.643	1.792	0.164	0.425
312	0.934	5.640	1.798	0.165	0.423
313	0.933	5.635	1.803	0.166	0.422
314	0.932	5.631	1.809	0.167	0.421
315	0.931	5.627	1.814	0.168	0.419
316	0.930	5.623	1.820	0.169	0.418
317	0.929	5.618	1.826	0.170	0.416
318	0.928	5.614	1.831	0.171	0.415
319	0.927	5.609	1.837	0.172	0.413
320	0.926	5.604	1.843	0.173	0.412
321	0.925	5.599	1.848	0.174	0.410
322	0.923	5.594	1.854	0.176	0.409
323	0.922	5.589	1.859	0.177	0.407
324	0.921	5.584	1.865	0.178	0.406
325	0.920	5.579	1.871	0.179	0.404
326	0.918	5.573	1.876	0.180	0.403
327	0.917	5.568	1.882	0.181	0.401
328	0.916	5.562	1.887	0.182	0.400
329	0.914	5.556	1.893	0.184	0.398
330	0.913	5.550	1.898	0.185	0.397
331	0.911	5.545	1.904	0.186	0.395
332	0.910	5.539	1.909	0.187	0.394
333	0.909	5.532	1.915	0.188	0.392
334	0.907	5.526	1.921	0.189	0.391
335	0.906	5.520	1.926	0.191	0.389
336	0.904	5.514	1.932	0.192	0.388
337	0.903	5.507	1.937	0.193	0.386
338	0.901	5.501	1.943	0.194	0.385
339	0.900	5.494	1.948	0.195	0.383
340	0.898	5.488	1.954	0.197	0.382
341	0.897	5.481	1.959	0.198	0.380
342	0.895	5.475	1.965	0.199	0.379
343	0.894	5.468	1.970	0.200	0.377
344	0.892	5.461	1.975	0.201	0.376
345	0.890	5.454	1.981	0.203	0.374
346	0.889	5.447	1.986	0.204	0.373
347	0.887	5.440	1.992	0.205	0.371
348	0.886	5.433	1.997	0.206	0.370
349	0.884	5.426	2.003	0.208	0.368
350	0.883	5.419	2.008	0.209	0.366
351	0.881	5.412	2.014	0.210	0.365
352	0.879	5.405	2.019	0.212	0.363
353	0.878	5.398	2.024	0.213	0.362
354	0.876	5.391	2.030	0.214	0.360
355	0.875	5.384	2.035	0.215	0.359
356	0.873	5.377	2.041	0.217	0.357
357	0.872	5.370	2.046	0.218	0.356
358	0.870	5.363	2.051	0.219	0.354
359	0.869	5.356	2.057	0.221	0.352
360	0.867	5.349	2.062	0.222	0.351
361	0.866	5.342	2.067	0.223	0.349
362	0.864	5.335	2.073	0.225	0.348
363	0.863	5.329	2.078	0.226	0.346
364	0.861	5.322	2.083	0.227	0.345
365	0.860	5.315	2.089	0.229	0.343
366	0.858	5.309	2.094	0.230	0.341
367	0.857	5.302	2.099	0.231	0.340
368	0.855	5.296	2.105	0.233	0.338
369	0.854	5.289	2.110	0.234	0.337
370	0.853	5.283	2.115	0.236	0.335
371	0.851	5.277	2.120	0.237	0.333
372	0.850	5.271	2.126	0.238	0.332
373	0.849	5.265	2.131	0.240	0.330
374	0.848	5.259	2.136	0.241	0.329
375	0.846	5.253	2.142	0.243	0.327
376	0.845	5.247	2.147	0.244	0.325
377	0.844	5.242	2.152	0.245	0.324
378	0.843	5.236	2.157	0.247	0.322
379	0.842	5.231	2.163	0.248	0.321
380	0.841	5.226	2.168	0.250	0.319
381	0.840	5.221	2.173	0.251	0.317
382	0.839	5.216	2.178	0.253	0.316
383	0.838	5.212	2.183	0.254	0.314
384	0.837	5.207	2.189	0.256	0.313
385	0.836	5.203	2.194	0.257	0.311
386	0.835	5.198	2.199	0.259	0.309
387	0.834	5.194	2.204	0.260	0.308
388	0.833	5.190	2.209	0.261	0.306
389	0.833	5.187	2.215	0.263	0.304
390	0.832	5.183	2.220	0.264	0.303
391	0.831	5.179	2.225	0.266	0.301
392	0.830	5.176	2.230	0.267	0.299
393	0.830	5.173	2.235	0.269	0.298
394	0.829	5.170	2.241	0.270	0.296
395	0.829	5.167	2.246	0.272	0.294
396	0.828	5.165	2.251	0.273	0.293
397	0.828	5.162	2.256	0.275	0.291
398	0.827	5.160	2.261	0.277	0.290
399	0.827	5.157	2.266	0.278	0.288
400	0.826	5.155	2.272	0.280	0.286
401	0.826	5.153	2.277	0.281	0.285
402	0.826	5.151	2.282	0.283	0.283
403	0.825	5.150	2.287	0.284	0.281
404	0.825	5.148	2.292	0.286	0.279
405	0.825	5.147	2.297	0.287	0.278
406	0.824	5.145	2.302	0.289	0.276
407	0.824	5.144	2.308	0.290	0.274
408	0.824	5.143	2.313	0.292	0.273
409	0.824	5.142	2.318	0.294	0.271
410	0.824	5.141	2.323	0.295	0.269
411	0.823	5.140	2.328	0.297	0.268
412	0.823	5.139	2.333	0.298	0.266
413	0.823	5.139	2.338	0.300	0.264
414	0.823	5.138	2.344	0.302	0.262
415	0.823	5.137	2.349	0.303	0.261
416	0.823	5.137	2.354	0.305	0.259
417	0.823	5.136	2.359	0.306	0.257
418	0.823	5.136	2.364	0.308	0.256
419	0.822	5.135	2.369	0.310	0.254
420	0.822	5.135	2.374	0.311	0.252
421	0.822	5.134	2.380	0.313	0.250
422	0.822	5.134	2.385	0.314	0.249
423	0.822	5.133	2.390	0.316	0.247
424	0.822	5.133	2.395	0.318	0.245
425	0.822	5.132	2.400	0.319	0.243
426	0.822	5.132	2.405	0.321	0.242
427	0.822	5.131	2.410	0.323	0.240
428	0.821	5.130	2.415	0.324	0.238
429	0.821	5.130	2.421	0.326	0.236
430	0.821	5.129	2.426	0.327	0.235
431	0.821	5.128	2.431	0.329	0.233
432	0.821	5.127	2.436	0.331	0.231
433	0.820	5.126	2.441	0.332	0.229
434	0.820	5.124	2.446	0.334	0.227
435	0.820	5.123	2.451	0.336	0.226
436	0.819	5.121	2.456	0.337	0.224
437	0.819	5.120	2.462	0.339	0.222
438	0.818	5.118	2.467	0.341	0.220
439	0.818	5.116	2.472	0.342	0.218
440	0.818	5.114	2.477	0.344	0.217
441	0.817	5.111	2.482	0.346	0.215
442	0.816	5.109	2.487	0.348	0.213
443	0.816	5.106	2.492	0.349	0.211
444	0.815	5.103	2.497	0.351	0.209
445	0.814	5.100	2.502	0.353	0.208
446	0.814	5.096	2.508	0.354	0.206
447	0.813	5.092	2.513	0.356	0.204
448	0.812	5.088	2.518	0.358	0.202
449	0.811	5.084	2.523	0.360	0.200
450	0.810	5.080	2.528	0.361	0.198
451	0.809	5.075	2.533	0.363	0.197
452	0.808	5.069	2.538	0.365	0.195
453	0.806	5.064	2.543	0.367	0.193
454	0.805	5.058	2.548	0.368	0.191
455	0.804	5.052	2.553	0.370	0.189
456	0.802	5.045	2.558	0.372	0.187
457	0.801	5.039	2.563	0.374	0.186
458	0.799	5.031	2.568	0.375	0.184
459	0.798	5.024	2.573	0.377	0.182
460	0.796	5.015	2.578	0.379	0.180
461	0.794	5.007	2.583	0.381	0.178
462	0.792	4.998	2.588	0.383	0.176
463	0.790	4.989	2.593	0.384	0.175
464	0.788	4.979	2.598	0.386	0.173
465	0.786	4.968	2.603	0.388	0.171
466	0.784	4.957	2.608	0.390	0.169
467	0.781	4.946	2.613	0.392	0.167
468	0.779	4.934	2.618	0.394	0.165
469	0.776	4.922	2.623	0.396	0.164
470	0.773	4.909	2.628	0.397	0.162
471	0.771	4.895	2.633	0.399	0.160
472	0.768	4.881	2.638	0.401	0.158
473	0.765	4.866	2.643	0.403	0.156
474	0.761	4.851	2.648	0.405	0.154
475	0.758	4.835	2.653	0.407	0.153
476	0.755	4.818	2.657	0.409	0.151
477	0.751	4.801	2.662	0.411	0.149
478	0.748	4.783	2.667	0.413	0.147
479	0.744	4.764	2.672	0.415	0.145
480	0.740	4.744	2.677	0.417	0.143
481	0.736	4.724	2.681	0.419	0.142
482	0.731	4.702	2.686	0.421	0.140
483	0.727	4.680	2.691	0.423	0.138
484	0.723	4.658	2.695	0.425	0.136
485	0.718	4.634	2.700	0.427	0.134
486	0.713	4.609	2.705	0.429	0.133
487	0.708	4.584	2.709	0.431	0.131
488	0.703	4.557	2.714	0.433	0.129
489	0.698	4.530	2.718	0.435	0.127
490	0.692	4.501	2.723	0.437	0.126
491	0.686	4.472	2.728	0.439	0.124
492	0.681	4.441	2.732	0.441	0.122
493	0.675	4.409	2.736	0.443	0.120
494	0.668	4.377	2.741	0.445	0.119
495	0.662	4.343	2.745	0.447	0.117
496	0.656	4.308	2.750	0.450	0.115
497	0.649	4.271	2.754	0.452	0.114
498	0.642	4.234	2.758	0.454	0.112
499	0.635	4.195	2.762	0.456	0.110
500	0.628	4.155	2.767	0.458	0.109
501	0.620	4.114	2.771	0.461	0.107
502	0.612	4.072	2.775	0.463	0.106
503	0.605	4.028	2.779	0.465	0.104
504	0.596	3.983	2.783	0.468	0.102
505	0.588	3.936	2.787	0.470	0.101
506	0.580	3.888	2.791	0.472	0.099
507	0.571	3.839	2.795	0.474	0.098
508	0.562	3.788	2.799	0.477	0.096
509	0.553	3.736	2.802	0.479	0.095
510	0.544	3.683	2.806	0.482	0.093
511	0.535	3.628	2.810	0.484	0.092
512	0.525	3.572	2.813	0.486	0.090
513	0.516	3.515	2.817	0.489	0.089
514	0.506	3.456	2.821	0.491	0.088
515	0.496	3.396	2.824	0.494	0.086
516	0.486	3.334	2.827	0.496	0.085
517	0.476	3.272	2.831	0.499	0.084
518	0.465	3.208	2.834	0.501	0.082
519	0.455	3.143	2.837	0.504	0.081
520	0.444	3.077	2.840	0.506	0.080
521	0.433	3.010	2.843	0.509	0.079
522	0.422	2.941	2.846	0.511	0.077
523	0.411	2.872	2.849	0.514	0.076
524	0.401	2.803	2.852	0.517	0.075
525	0.390	2.732	2.855	0.519	0.074
526	0.378	2.661	2.858	0.522	0.073
527	0.367	2.589	2.860	0.525	0.072
528	0.356	2.517	2.863	0.527	0.071
529	0.345	2.444	2.866	0.530	0.070
530	0.334	2.372	2.868	0.533	0.069
531	0.323	2.299	2.870	0.535	0.068
532	0.312	2.226	2.873	0.538	0.067
533	0.302	2.153	2.875	0.541	0.066
534	0.291	2.081	2.877	0.544	0.065
535	0.280	2.009	2.879	0.546	0.064
536	0.270	1.937	2.881	0.549	0.064
537	0.259	1.866	2.883	0.552	0.063
538	0.249	1.796	2.885	0.555	0.062
539	0.239	1.726	2.887	0.557	0.061
540	0.229	1.658	2.888	0.560	0.061
541	0.219	1.590	2.890	0.563	0.060
542	0.210	1.524	2.892	0.566	0.059
543	0.200	1.459	2.893	0.569	0.059
544	0.191	1.395	2.895	0.572	0.058
545	0.183	1.333	2.896	0.574	0.058
546	0.174	1.272	2.897	0.577	0.057
547	0.166	1.213	2.899	0.580	0.057
548	0.157	1.155	2.900	0.583	0.056
549	0.150	1.099	2.901	0.586	0.056
550	0.142	1.044	2.902	0.589	0.055
551	0.135	0.991	2.903	0.592	0.055
552	0.128	0.940	2.904	0.594	0.054
553	0.121	0.891	2.905	0.597	0.054
554	0.114	0.844	2.906	0.600	0.054
555	0.108	0.798	2.907	0.603	0.053
556	0.102	0.754	2.908	0.606	0.053
557	0.096	0.712	2.908	0.609	0.053
558	0.090	0.671	2.909	0.612	0.053
559	0.085	0.633	2.910	0.615	0.052
560	0.080	0.596	2.910	0.618	0.052
561	0.075	0.560	2.911	0.620	0.052
562	0.071	0.527	2.912	0.623	0.052
563	0.066	0.494	2.912	0.626	0.051
564	0.062	0.464	2.913	0.629	0.051
565	0.058	0.435	2.913	0.632	0.051
566	0.054	0.407	2.913	0.635	0.051
567	0.051	0.381	2.914	0.638	0.051
568	0.047	0.356	2.914	0.641	0.050
569	0.044	0.332	2.915	0.644	0.050
570	0.041	0.309	2.915	0.647	0.050
571	0.038	0.288	2.915	0.650	0.050
572	0.035	0.268	2.916	0.652	0.050
573	0.033	0.249	2.916	0.655	0.050
574	0.030	0.230	2.916	0.658	0.050
575	0.028	0.213	2.916	0.661	0.050
576	0.026	0.196	2.917	0.664	0.050
577	0.024	0.180	2.917	0.667	0.050
578	0.021	0.165	2.917	0.670	0.049
579	0.019	0.150	2.917	0.673	0.049
580	0.017	0.136	2.917	0.676	0.049
581	0.016	0.122	2.917	0.679	0.049
582	0.014	0.109	2.917	0.682	0.049
583	0.012	0.096	2.918	0.685	0.049
584	0.010	0.084	2.918	0.687	0.049
585	0.008	0.071	2.918	0.690	0.049
586	0.007	0.059	2.918	0.693	0.049
587	0.005	0.047	2.918	0.696	0.049
588	0.003	0.035	2.918	0.699	0.049
589	0.001	0.022	2.918	0.702	0.049
590	-0.000	0.010	2.918	0.705	0.049
591	-0.002	-0.002	2.918	0.708	0.049
592	-0.004	-0.015	2.918	0.711	0.049
593	-0.006	-0.027	2.918	0.714	0.049
594	-0.008	-0.040	2.918	0.717	0.049
595	-0.010	-0.054	2.918	0.720	0.049
596	-0.012	-0.067	2.918	0.722	0.049
597	-0.014	-0.081	2.918	0.725	0.049
598	-0.016	-0.096	2.918	0.728	0.049
599	-0.018	-0.111	2.918	0.731	0.049
600	-0.020	-0.126	2.917	0.734	0.049
601	-0.023	-0.142	2.917	0.737	0.049
602	-0.025	-0.158	2.917	0.740	0.049
603	-0.027	-0.175	2.917	0.743	0.050
604	-0.030	-0.192	2.917	0.746	0.050
605	-0.033	-0.211	2.917	0.749	0.050
606	-0.035	-0.229	2.916	0.752	0.050
607	-0.038	-0.248	2.916	0.755	0.050
608	-0.041	-0.268	2.916	0.757	0.050
609	-0.044	-0.289	2.916	0.760	0.050
610	-0.047	-0.310	2.915	0.763	0.050
611	-0.051	-0.332	2.915	0.766	0.050
612	-0.054	-0.354	2.915	0.769	0.051
613	-0.057	-0.377	2.914	0.772	0.051
614	-0.061	-0.401	2.914	0.775	0.051
615	-0.064	-0.425	2.914	0.778	0.051
616	-0.068	-0.450	2.913	0.781	0.051
617	-0.072	-0.475	2.913	0.784	0.051
618	-0.075	-0.501	2.912	0.787	0.052
619	-0.079	-0.528	2.912	0.789	0.052
620	-0.083	-0.555	2.911	0.792	0.052
621	-0.087	-0.583	2.911	0.795	0.052
622	-0.091	-0.611	2.910	0.798	0.053
623	-0.096	-0.640	2.910	0.801	0.053
624	-0.100	-0.669	2.909	0.804	0.053
625	-0.104	-0.699	2.908	0.807	0.053
626	-0.109	-0.729	2.908	0.810	0.054
627	-0.113	-0.760	2.907	0.813	0.054
628	-0.118	-0.791	2.906	0.816	0.054
629	-0.122	-0.823	2.905	0.818	0.055
630	-0.127	-0.855	2.904	0.821	0.055
631	-0.132	-0.887	2.904	0.824	0.055
632	-0.136	-0.920	2.903	0.827	0.056
633	-0.141	-0.953	2.902	0.830	0.056
634	-0.146	-0.986	2.901	0.833	0.057
635	-0.151	-1.020	2.900	0.836	0.057
636	-0.156	-1.054	2.899	0.839	0.057
637	-0.161	-1.088	2.898	0.841	0.058
638	-0.166	-1.123	2.897	0.844	0.058
639	-0.171	-1.157	2.896	0.847	0.059
640	-0.176	-1.192	2.894	0.850	0.059
641	-0.181	-1.227	2.893	0.853	0.060
642	-0.186	-1.263	2.892	0.856	0.060
643	-0.192	-1.298	2.891	0.859	0.061
644	-0.197	-1.334	2.889	0.861	0.061
645	-0.202	-1.370	2.888	0.864	0.062
646	-0.207	-1.406	2.887	0.867	0.063
647	-0.213	-1.442	2.885	0.870	0.063
648	-0.218	-1.479	2.884	0.873	0.064
649	-0.223	-1.515	2.882	0.875	0.064
650	-0.229	-1.552	2.881	0.878	0.065
651	-0.234	-1.589	2.879	0.881	0.066
652	-0.240	-1.626	2.878	0.884	0.066
653	-0.245	-1.663	2.876	0.887	0.067
654	-0.251	-1.700	2.874	0.889	0.068
655	-0.256	-1.738	2.873	0.892	0.069
656	-0.262	-1.775	2.871	0.895	0.069
657	-0.267	-1.813	2.869	0.898	0.070
658	-0.273	-1.851	2.867	0.901	0.071
659	-0.279	-1.889	2.866	0.903	0.072
660	-0.284	-1.927	2.864	0.906	0.072
661	-0.290	-1.965	2.862	0.909	0.073
662	-0.296	-2.004	2.860	0.912	0.074
663	-0.302	-2.042	2.858	0.914	0.075
664	-0.307	-2.081	2.856	0.917	0.076
665	-0.313	-2.120	2.854	0.920	0.076
666	-0.319	-2.159	2.852	0.922	0.077
667	-0.325	-2.199	2.849	0.925	0.078
668	-0.331	-2.238	2.847	0.928	0.079
669	-0.337	-2.278	2.845	0.931	0.080
670	-0.343	-2.318	2.843	0.933	0.081
671	-0.349	-2.358	2.840	0.936	0.082
672	-0.355	-2.398	2.838	0.939	0.083
673	-0.362	-2.438	2.836	0.941	0.084
674	-0.368	-2.479	2.833	0.944	0.085
675	-0.374	-2.520	2.831	0.947	0.086
676	-0.380	-2.560	2.828	0.949	0.087
677	-0.387	-2.601	2.826	0.952	0.088
678	-0.393	-2.643	2.823	0.954	0.089
679	-0.399	-2.684	2.820	0.957	0.090
680	-0.406	-2.725	2.818	0.960	0.091
681	-0.412	-2.767	2.815	0.962	0.092
682	-0.419	-2.809	2.812	0.965	0.094
683	-0.426	-2.851	2.809	0.967	0.095
684	-0.432	-2.893	2.807	0.970	0.096
685	-0.439	-2.934	2.804	0.973	0.097
686	-0.445	-2.977	2.801	0.975	0.098
687	-0.452	-3.018	2.798	0.978	0.099
688	-0.459	-3.061	2.795	0.980	0.101
689	-0.465	-3.103	2.792	0.983	0.102
690	-0.472	-3.145	2.789	0.985	0.103
691	-0.479	-3.187	2.785	0.988	0.104
692	-0.486	-3.229	2.782	0.990	0.106
693	-0.492	-3.271	2.779	0.993	0.107
694	-0.499	-3.313	2.776	0.995	0.108
695	-0.506	-3.354	2.772	0.997	0.110
696	-0.513	-3.396	2.769	1.000	0.111
697	-0.519	-3.437	2.766	1.002	0.112
698	-0.526	-3.478	2.762	1.005	0.114
699	-0.533	-3.519	2.759	1.007	0.115
700	-0.540	-3.560	2.755	1.009	0.116
701	-0.546	-3.600	2.752	1.012	0.118
702	-0.553	-3.641	2.748	1.014	0.119
703	-0.560	-3.681	2.744	1.016	0.121
704	-0.566	-3.720	2.741	1.019	0.122
705	-0.573	-3.759	2.737	1.021	0.124
706	-0.580	-3.799	2.733	1.023	0.125
707	-0.586	-3.837	2.729	1.026	0.127
708	-0.593	-3.875	2.726	1.028	0.128
709	-0.599	-3.913	2.722	1.030	0.130
710	-0.605	-3.951	2.718	1.032	0.131
711	-0.612	-3.988	2.714	1.035	0.133
712	-0.618	-4.024	2.710	1.037	0.134
713	-0.624	-4.060	2.706	1.039	0.136
714	-0.630	-4.096	2.702	1.041	0.137
715	-0.637	-4.131	2.698	1.043	0.139
716	-0.643	-4.166	2.694	1.046	0.141
717	-0.649	-4.200	2.689	1.048	0.142
718	-0.655	-4.233	2.685	1.050	0.144
719	-0.661	-4.266	2.681	1.052	0.146
720	-0.666	-4.299	2.677	1.054	0.147
721	-0.672	-4.331	2.672	1.056	0.149
722	-0.678	-4.363	2.668	1.058	0.151
723	-0.683	-4.394	2.664	1.060	0.152
724	-0.689	-4.424	2.659	1.063	0.154
725	-0.694	-4.454	2.655	1.065	0.156
726	-0.700	-4.484	2.650	1.067	0.157
727	-0.705	-4.513	2.646	1.069	0.159
728	-0.710	-4.541	2.641	1.071	0.161
729	-0.715	-4.569	2.637	1.073	0.162
730	-0.721	-4.596	2.632	1.075	0.164
731	-0.726	-4.623	2.628	1.077	0.166
732	-0.730	-4.649	2.623	1.079	0.168
733	-0.735	-4.675	2.618	1.081	0.169
734	-0.740	-4.701	2.614	1.083	0.171
735	-0.745	-4.725	2.609	1.084	0.173
736	-0.749	-4.750	2.604	1.086	0.175
737	-0.754	-4.773	2.600	1.088	0.176
738	-0.759	-4.797	2.595	1.090	0.178
739	-0.763	-4.820	2.590	1.092	0.180
740	-0.767	-4.842	2.585	1.094	0.182
741	-0.772	-4.864	2.580	1.096	0.184
742	-0.776	-4.886	2.576	1.098	0.185
743	-0.780	-4.906	2.571	1.099	0.187
744	-0.784	-4.927	2.566	1.101	0.189
745	-0.788	-4.947	2.561	1.103	0.191
746	-0.792	-4.966	2.556	1.105	0.193
747	-0.796	-4.986	2.551	1.107	0.194
748	-0.799	-5.005	2.546	1.109	0.196
749	-0.803	-5.023	2.541	1.110	0.198
750	-0.807	-5.041	2.536	1.112	0.200
751	-0.810	-5.059	2.531	1.114	0.202
752	-0.814	-5.076	2.526	1.116	0.204
753	-0.817	-5.093	2.521	1.117	0.205
754	-0.821	-5.110	2.516	1.119	0.207
755	-0.824	-5.126	2.510	1.121	0.209
756	-0.827	-5.141	2.505	1.122	0.211
757	-0.830	-5.157	2.500	1.124	0.213
758	-0.833	-5.172	2.495	1.126	0.215
759	-0.836	-5.187	2.490	1.127	0.216
760	-0.839	-5.201	2.485	1.129	0.218
761	-0.842	-5.215	2.480	1.131	0.220
762	-0.845	-5.229	2.474	1.132	0.222
763	-0.848	-5.243	2.469	1.134	0.224
764	-0.851	-5.256	2.464	1.136	0.226
765	-0.854	-5.269	2.459	1.137	0.228
766	-0.857	-5.282	2.453	1.139	0.229
767	-0.859	-5.294	2.448	1.141	0.231
768	-0.862	-5.307	2.443	1.142	0.233
769	-0.864	-5.318	2.437	1.144	0.235
770	-0.867	-5.330	2.432	1.145	0.237
771	-0.869	-5.342	2.427	1.147	0.239
772	-0.872	-5.353	2.421	1.149	0.241
773	-0.874	-5.364	2.416	1.150	0.242
774	-0.876	-5.375	2.411	1.152	0.244
775	-0.879	-5.385	2.405	1.153	0.246
776	-0.881	-5.395	2.400	1.155	0.248
777	-0.883	-5.405	2.395	1.156	0.250
778	-0.886	-5.415	2.389	1.158	0.252
779	-0.888	-5.425	2.384	1.159	0.254
780	-0.890	-5.435	2.378	1.161	0.255
781	-0.892	-5.444	2.373	1.162	0.257
782	-0.894	-5.453	2.367	1.164	0.259
783	-0.896	-5.462	2.362	1.165	0.261
784	-0.898	-5.471	2.357	1.167	0.263
785	-0.900	-5.480	2.351	1.168	0.265
786	-0.902	-5.488	2.346	1.170	0.266
787	-0.904	-5.497	2.340	1.171	0.268
788	-0.905	-5.505	2.335	1.173	0.270
789	-0.907	-5.513	2.329	1.174	0.272
790	-0.909	-5.521	2.324	1.175	0.274
791	-0.911	-5.528	2.318	1.177	0.276
792	-0.913	-5.536	2.313	1.178	0.277
793	-0.914	-5.544	2.307	1.180	0.279
794	-0.916	-5.551	2.301	1.181	0.281
795	-0.918	-5.558	2.296	1.182	0.283
796	-0.919	-5.565	2.290	1.184	0.285
797	-0.921	-5.572	2.285	1.185	0.287
798	-0.923	-5.579	2.279	1.187	0.288
799	-0.924	-5.586	2.274	1.188	0.290
800	-0.926	-5.592	2.268	1.189	0.292
801	-0.927	-5.599	2.262	1.191	0.294
802	-0.929	-5.605	2.257	1.192	0.296
803	-0.930	-5.612	2.251	1.193	0.297
804	-0.932	-5.618	2.246	1.195	0.299
805	-0.933	-5.624	2.240	1.196	0.301
806	-0.935	-5.630	2.234	1.197	0.303
807	-0.936	-5.636	2.229	1.199	0.305
808	-0.937	-5.642	2.223	1.200	0.306
809	-0.939	-5.648	2.217	1.201	0.308
810	-0.940	-5.653	2.212	1.203	0.310
811	-0.941	-5.659	2.206	1.204	0.312
812	-0.943	-5.665	2.200	1.205	0.314
813	-0.944	-5.670	2.195	1.207	0.315
814	-0.945	-5.675	2.189	1.208	0.317
815	-0.947	-5.680	2.183	1.209	0.319
816	-0.948	-5.686	2.178	1.210	0.321
817	-0.949	-5.691	2.172	1.212	0.322
818	-0.950	-5.696	2.166	1.213	0.324
819	-0.951	-5.701	2.161	1.214	0.326
820	-0.953	-5.706	2.155	1.216	0.328
821	-0.954	-5.710	2.149	1.217	0.330
822	-0.955	-5.715	2.144	1.218	0.331
823	-0.956	-5.720	2.138	1.219	0.333
824	-0.957	-5.725	2.132	1.221	0.335
825	-0.958	-5.729	2.126	1.222	0.337
826	-0.959	-5.734	2.121	1.223	0.338
827	-0.961	-5.738	2.115	1.224	0.340
828	-0.962	-5.742	2.109	1.225	0.342
829	-0.963	-5.747	2.104	1.227	0.343
830	-0.964	-5.751	2.098	1.228	0.345
831	-0.965	-5.755	2.092	1.229	0.347
832	-0.966	-5.759	2.086	1.230	0.349
833	-0.967	-5.763	2.081	1.231	0.350
834	-0.968	-5.767	2.075	1.233	0.352
835	-0.969	-5.771	2.069	1.234	0.354
836	-0.970	-5.775	2.063	1.235	0.355
837	-0.971	-5.779	2.057	1.236	0.357
838	-0.972	-5.783	2.052	1.237	0.359
839	-0.973	-5.787	2.046	1.238	0.361
840	-0.973	-5.791	2.040	1.240	0.362
841	-0.975	-5.794	2.034	1.241	0.364
842	-0.975	-5.798	2.028	1.242	0.366
843	-0.976	-5.801	2.023	1.243	0.367
844	-0.977	-5.804	2.017	1.244	0.369
845	-0.978	-5.808	2.011	1.245	0.371
846	-0.979	-5.811	2.005	1.246	0.372
847	-0.980	-5.815	1.999	1.247	0.374
848	-0.980	-5.818	1.994	1.249	0.376
849	-0.981	-5.821	1.988	1.250	0.377
850	-0.982	-5.824	1.982	1.251	0.379
851	-0.983	-5.827	1.976	1.252	0.381
852	-0.984	-5.831	1.970	1.253	0.382
853	-0.985	-5.834	1.965	1.254	0.384
854	-0.985	-5.837	1.959	1.255	0.386
855	-0.986	-5.840	1.953	1.256	0.387
856	-0.987	-5.843	1.947	1.257	0.389
857	-0.987	-5.846	1.941	1.258	0.390
858	-0.988	-5.848	1.935	1.259	0.392
859	-0.989	-5.851	1.929	1.261	0.394
860	-0.990	-5.854	1.924	1.262	0.395
861	-0.990	-5.857	1.918	1.263	0.397
862	-0.991	-5.860	1.912	1.264	0.398
863	-0.992	-5.862	1.906	1.265	0.400
864	-0.992	-5.865	1.900	1.266	0.402
865	-0.993	-5.868	1.894	1.267	0.403
866	-0.994	-5.871	1.888	1.268	0.405
867	-0.994	-5.873	1.883	1.269	0.406
868	-0.995	-5.875	1.877	1.270	0.408
869	-0.996	-5.878	1.871	1.271	0.410
870	-0.996	-5.880	1.865	1.272	0.411
871	-0.997	-5.883	1.859	1.273	0.413
872	-0.998	-5.886	1.853	1.274	0.414
873	-0.998	-5.887	1.847	1.275	0.416
874	-0.999	-5.890	1.841	1.276	0.417
875	-0.999	-5.892	1.836	1.277	0.419
876	-1.000	-5.894	1.830	1.278	0.420
877	-1.001	-5.897	1.824	1.279	0.422
878	-1.001	-5.900	1.818	1.280	0.424
879	-1.002	-5.901	1.812	1.281	0.425
880	-1.003	-5.904	1.806	1.282	0.427
881	-1.003	-5.906	1.800	1.283	0.428
882	-1.004	-5.909	1.794	1.284	0.430
883	-1.004	-5.911	1.788	1.285	0.431
884	-1.005	-5.913	1.782	1.286	0.433
885	-1.006	-5.915	1.777	1.287	0.434
886	-1.006	-5.918	1.771	1.288	0.436
887	-1.007	-5.920	1.765	1.289	0.437
888	-1.008	-5.922	1.759	1.290	0.439
889	-1.008	-5.925	1.753	1.291	0.440
890	-1.009	-5.927	1.747	1.291	0.442
891	-1.009	-5.929	1.741	1.292	0.443
892	-1.010	-5.932	1.735	1.293	0.445
893	-1.011	-5.934	1.729	1.294	0.446
894	-1.011	-5.936	1.723	1.295	0.448
895	-1.012	-5.938	1.717	1.296	0.449
896	-1.013	-5.941	1.711	1.297	0.450
897	-1.013	-5.944	1.705	1.298	0.452
898	-1.014	-5.946	1.699	1.299	0.453
899	-1.015	-5.949	1.693	1.300	0.455
900	-1.015	-5.951	1.688	1.301	0.456
901	-1.016	-5.954	1.682	1.301	0.458
902	-1.017	-5.956	1.676	1.302	0.459
903	-1.018	-5.959	1.670	1.303	0.460
904	-1.018	-5.962	1.664	1.304	0.462
905	-1.019	-5.965	1.658	1.305	0.463
906	-1.020	-5.967	1.652	1.306	0.465
907	-1.021	-5.971	1.646	1.307	0.466
908	-1.021	-5.973	1.640	1.308	0.468
909	-1.022	-5.976	1.634	1.308	0.469
910	-1.023	-5.979	1.628	1.309	0.470
911	-1.024	-5.983	1.622	1.310	0.472
912	-1.025	-5.986	1.616	1.311	0.473
913	-1.026	-5.989	1.610	1.312	0.474
914	-1.027	-5.993	1.604	1.313	0.476
915	-1.028	-5.996	1.598	1.313	0.477
916	-1.029	-6.000	1.592	1.314	0.479
917	-1.030	-6.003	1.586	1.315	0.480
918	-1.031	-6.007	1.580	1.316	0.481
919	-1.032	-6.011	1.574	1.317	0.483
920	-1.033	-6.015	1.568	1.318	0.484
921	-1.034	-6.019	1.562	1.318	0.485
922	-1.036	-6.023	1.556	1.319	0.487
923	-1.037	-6.028	1.550	1.320	0.488
924	-1.038	-6.031	1.544	1.321	0.489
925	-1.039	-6.036	1.538	1.322	0.491
926	-1.041	-6.040	1.532	1.322	0.492
927	-1.042	-6.045	1.526	1.323	0.493
928	-1.043	-6.050	1.520	1.324	0.495
929	-1.045	-6.055	1.514	1.325	0.496
930	-1.046	-6.060	1.508	1.325	0.497
931	-1.048	-6.065	1.502	1.326	0.499
932	-1.049	-6.070	1.495	1.327	0.500
933	-1.051	-6.075	1.489	1.328	0.501
934	-1.052	-6.081	1.483	1.328	0.503
935	-1.054	-6.086	1.477	1.329	0.504
936	-1.056	-6.092	1.471	1.330	0.505
937	-1.057	-6.098	1.465	1.331	0.506
938	-1.059	-6.103	1.459	1.331	0.508
939	-1.061	-6.110	1.453	1.332	0.509
940	-1.063	-6.115	1.447	1.333	0.510
941	-1.064	-6.122	1.441	1.333	0.511
942	-1.066	-6.128	1.435	1.334	0.513
943	-1.068	-6.134	1.428	1.335	0.514
944	-1.070	-6.141	1.422	1.335	0.515
945	-1.072	-6.147	1.416	1.336	0.516
946	-1.074	-6.154	1.410	1.337	0.518
947	-1.076	-6.160	1.404	1.338	0.519
948	-1.078	-6.167	1.398	1.338	0.520
949	-1.080	-6.174	1.392	1.339	0.521
950	-1.082	-6.181	1.385	1.340	0.523
951	-1.085	-6.188	1.379	1.340	0.524
952	-1.087	-6.195	1.373	1.341	0.525
953	-1.089	-6.202	1.367	1.341	0.526
954	-1.091	-6.210	1.361	1.342	0.528
955	-1.094	-6.217	1.354	1.343	0.529
956	-1.096	-6.224	1.348	1.343	0.530
957	-1.098	-6.232	1.342	1.344	0.531
958	-1.101	-6.239	1.336	1.345	0.532
959	-1.103	-6.246	1.329	1.345	0.534
960	-1.105	-6.254	1.323	1.346	0.535
961	-1.108	-6.261	1.317	1.346	0.536
962	-1.110	-6.269	1.311	1.347	0.537
963	-1.113	-6.277	1.304	1.348	0.538
964	-1.115	-6.285	1.298	1.348	0.539
965	-1.117	-6.292	1.292	1.349	0.541
966	-1.120	-6.299	1.286	1.349	0.542
967	-1.123	-6.307	1.279	1.350	0.543
968	-1.125	-6.315	1.273	1.350	0.544
969	-1.128	-6.322	1.267	1.351	0.545
970	-1.130	-6.330	1.260	1.351	0.546
971	-1.133	-6.338	1.254	1.352	0.547
972	-1.135	-6.346	1.248	1.353	0.549
973	-1.138	-6.353	1.241	1.353	0.550
974	-1.141	-6.361	1.235	1.354	0.551
975	-1.143	-6.369	1.229	1.354	0.552
976	-1.146	-6.376	1.222	1.355	0.553
977	-1.148	-6.383	1.216	1.355	0.554
978	-1.151	-6.391	1.209	1.356	0.555
979	-1.153	-6.398	1.203	1.356	0.556
980	-1.156	-6.405	1.197	1.357	0.558
981	-1.159	-6.413	1.190	1.357	0.559
982	-1.161	-6.420	1.184	1.358	0.560
983	-1.164	-6.427	1.177	1.358	0.561
984	-1.166	-6.434	1.171	1.358	0.562
985	-1.169	-6.442	1.165	1.359	0.563
986	-1.171	-6.448	1.158	1.359	0.564
987	-1.174	-6.455	1.152	1.360	0.565
988	-1.176	-6.462	1.145	1.360	0.566
989	-1.179	-6.469	1.139	1.361	0.567
990	-1.181	-6.476	1.132	1.361	0.568
991	-1.184	-6.482	1.126	1.362	0.569
992	-1.186	-6.489	1.119	1.362	0.570
993	-1.189	-6.496	1.113	1.362	0.571
994	-1.191	-6.502	1.106	1.363	0.572
995	-1.194	-6.508	1.100	1.363	0.573
996	-1.196	-6.515	1.093	1.364	0.574
997	-1.198	-6.521	1.087	1.364	0.575
998	-1.201	-6.527	1.080	1.364	0.577
999	-1.203	-6.533	1.074	1.365	0.578
1000	-1.205	-6.539	1.067	1.365	0.579
1001	-1.208	-6.545	1.061	1.366	0.580
1002	-1.210	-6.551	1.054	1.366	0.581
1003	-1.212	-6.556	1.048	1.366	0.581
1004	-1.215	-6.562	1.041	1.367	0.582
1005	-1.217	-6.567	1.034	1.367	0.583
1006	-1.219	-6.573	1.028	1.367	0.584
1007	-1.221	-6.578	1.021	1.368	0.585
1008	-1.224	-6.583	1.015	1.368	0.586
1009	-1.226	-6.589	1.008	1.368	0.587
1010	-1.228	-6.594	1.002	1.369	0.588
1011	-1.230	-6.599	0.995	1.369	0.589
1012	-1.232	-6.604	0.988	1.369	0.590
1013	-1.234	-6.609	0.982	1.370	0.591
1014	-1.236	-6.614	0.975	1.370	0.592
1015	-1.238	-6.618	0.969	1.370	0.593
1016	-1.240	-6.623	0.962	1.371	0.594
1017	-1.242	-6.627	0.955	1.371	0.595
1018	-1.244	-6.632	0.949	1.371	0.596
1019	-1.246	-6.636	0.942	1.372	0.597
1020	-1.248	-6.641	0.935	1.372	0.597
1021	-1.250	-6.645	0.929	1.372	0.598
1022	-1.252	-6.649	0.922	1.373	0.599
1023	-1.253	-6.653	0.916	1.373	0.600
1024	-1.255	-6.657	0.909	1.373	0.601
1025	-1.257	-6.661	0.902	1.373	0.602
1026	-1.259	-6.665	0.896	1.374	0.603
1027	-1.261	-6.669	0.889	1.374	0.604
1028	-1.262	-6.673	0.882	1.374	0.604
1029	-1.264	-6.676	0.876	1.375	0.605
1030	-1.266	-6.680	0.869	1.375	0.606
1031	-1.267	-6.684	0.862	1.375	0.607
1032	-1.269	-6.687	0.855	1.375	0.608
1033	-1.271	-6.690	0.849	1.376	0.609
1034	-1.272	-6.694	0.842	1.376	0.609
1035	-1.274	-6.697	0.835	1.376	0.610
1036	-1.275	-6.700	0.829	1.376	0.611
1037	-1.277	-6.704	0.822	1.377	0.612
1038	-1.278	-6.707	0.815	1.377	0.612
1039	-1.280	-6.710	0.809	1.377	0.613
1040	-1.281	-6.713	0.802	1.377	0.614
1041	-1.283	-6.716	0.795	1.378	0.615
1042	-1.284	-6.719	0.788	1.378	0.616
1043	-1.286	-6.721	0.782	1.378	0.616
1044	-1.287	-6.724	0.775	1.378	0.617
1045	-1.288	-6.727	0.768	1.378	0.618
1046	-1.290	-6.730	0.762	1.379	0.619
1047	-1.291	-6.732	0.755	1.379	0.619
1048	-1.293	-6.735	0.748	1.379	0.620
1049	-1.294	-6.738	0.741	1.379	0.621
1050	-1.295	-6.740	0.735	1.379	0.621
1051	-1.296	-6.742	0.728	1.380	0.622
1052	-1.298	-6.745	0.721	1.380	0.623
1053	-1.299	-6.747	0.714	1.380	0.624
1054	-1.300	-6.749	0.708	1.380	0.624
1055	-1.301	-6.752	0.701	1.380	0.625
1056	-1.302	-6.754	0.694	1.381	0.626
1057	-1.303	-6.756	0.687	1.381	0.626
1058	-1.305	-6.758	0.681	1.381	0.627
1059	-1.306	-6.760	0.674	1.381	0.628
1060	-1.307	-6.762	0.667	1.381	0.628
1061	-1.308	-6.764	0.660	1.381	0.629
1062	-1.309	-6.766	0.654	1.382	0.630
1063	-1.310	-6.768	0.647	1.382	0.630
1064	-1.311	-6.770	0.640	1.382	0.631
1065	-1.312	-6.772	0.633	1.382	0.631
1066	-1.313	-6.774	0.627	1.382	0.632
1067	-1.314	-6.776	0.620	1.382	0.633
1068	-1.315	-6.777	0.613	1.383	0.633
1069	-1.316	-6.779	0.606	1.383	0.634
1070	-1.317	-6.781	0.599	1.383	0.634
1071	-1.318	-6.783	0.593	1.383	0.635
1072	-1.319	-6.784	0.586	1.383	0.636
1073	-1.320	-6.786	0.579	1.383	0.636
1074	-1.321	-6.787	0.572	1.384	0.637
1075	-1.321	-6.789	0.566	1.384	0.637
1076	-1.322	-6.791	0.559	1.384	0.638
1077	-1.323	-6.792	0.552	1.384	0.638
1078	-1.324	-6.793	0.545	1.384	0.639
1079	-1.325	-6.795	0.538	1.384	0.639
1080	-1.326	-6.796	0.532	1.384	0.640
1081	-1.326	-6.797	0.525	1.384	0.640
1082	-1.327	-6.799	0.518	1.385	0.641
1083	-1.328	-6.800	0.511	1.385	0.641
1084	-1.329	-6.801	0.504	1.385	0.642
1085	-1.329	-6.803	0.498	1.385	0.642
1086	-1.330	-6.804	0.491	1.385	0.643
1087	-1.331	-6.805	0.484	1.385	0.643
1088	-1.332	-6.806	0.477	1.385	0.644
1089	-1.332	-6.807	0.470	1.385	0.644
1090	-1.333	-6.809	0.464	1.386	0.645
1091	-1.334	-6.810	0.457	1.386	0.645
1092	-1.334	-6.811	0.450	1.386	0.646
1093	-1.335	-6.812	0.443	1.386	0.646
1094	-1.335	-6.813	0.436	1.386	0.647
1095	-1.336	-6.814	0.429	1.386	0.647
1096	-1.337	-6.815	0.423	1.386	0.647
1097	-1.337	-6.816	0.416	1.386	0.648
1098	-1.338	-6.817	0.409	1.386	0.648
1099	-1.338	-6.818	0.402	1.386	0.649
